%YAML:1.0
intrinsics: !!opencv-matrix
   rows: 3
   cols: 3
   dt: d
   data: [ 8.5403429348723773e+02, 0., 3.0883768301076731e+02, 0.,
       8.5403429348723773e+02, 2.6794496253608177e+01, 0., 0., 1. ]
distortion: !!opencv-matrix
   rows: 5
   cols: 1
   dt: d
   data: [ 9.0564460096910666e-03, -4.5784482147513084e-01,
       -4.1505763299125371e-02, 3.7271771954078839e-04,
       1.2360382535563135e+00 ]
